50
-1 null 0 0.0 0.0 0.0
1 1 7 37.0 52.0 0.6436293397584791
2 1 30 49.0 49.0 0.1521152472740256
3 1 16 52.0 64.0 0.9050408104520048
4 1 9 20.0 26.0 0.3146749770323549
5 1 21 40.0 30.0 0.8441113032222634
6 1 15 21.0 47.0 0.814942199448926
7 1 19 17.0 63.0 0.8529387911531304
8 1 23 31.0 62.0 0.5455572569923263
9 1 11 52.0 33.0 0.7280359756201391
10 1 5 51.0 21.0 0.35224298553261413
11 1 19 42.0 41.0 0.8942167248197895
12 1 29 31.0 32.0 0.6034517987602795
13 1 23 5.0 25.0 0.2855147248059736
14 1 21 12.0 42.0 0.8441168921681816
15 1 10 36.0 16.0 0.2075321992927276
16 1 15 52.0 41.0 0.5549218373013775
17 1 3 27.0 23.0 0.7496398125062013
18 1 41 17.0 33.0 0.3581167069814134
19 1 9 13.0 13.0 0.08785171205229281
20 1 28 57.0 58.0 0.46681529962456647
21 1 8 62.0 42.0 0.008461989674211856
22 1 8 42.0 57.0 0.5569443140126576
23 1 16 16.0 57.0 0.6427495171536239
24 1 10 8.0 52.0 0.730246424376825
25 1 28 7.0 38.0 0.20396540922494344
26 1 7 27.0 68.0 0.654253705387456
27 1 15 30.0 48.0 0.19476210240193925
28 1 14 43.0 67.0 0.022861386199027445
29 1 6 58.0 48.0 0.3571818827281077
30 1 19 58.0 27.0 0.03157991995387899
31 1 11 37.0 69.0 0.5848972733748412
32 1 12 38.0 46.0 0.8478946561471562
33 1 23 46.0 10.0 0.1408128058320407
34 1 26 61.0 33.0 0.963202302915287
35 1 17 62.0 63.0 0.12024808859129876
36 1 6 63.0 69.0 0.612937207308045
37 1 9 32.0 22.0 0.9842036608341047
38 1 15 45.0 35.0 0.06078838798717501
39 1 14 59.0 15.0 0.7377638232497029
40 1 7 5.0 6.0 0.7670019766614996
41 1 27 10.0 17.0 0.54024275469858
42 1 13 21.0 10.0 0.24595485233447256
43 1 11 5.0 64.0 0.06658147091139188
44 1 16 30.0 15.0 0.6013857285221913
45 1 10 39.0 10.0 0.16973215600146585
46 1 5 32.0 39.0 0.2864203760887929
47 1 25 25.0 32.0 0.46292272364590903
48 1 17 25.0 55.0 0.937990764023415
49 1 18 48.0 28.0 0.5060056680325283
50 1 10 56.0 37.0 0.19021459441733324
